SIZES
  narena                14680064
  nbuffer               60368
  nplugin               0
  maxuse_stack          9264
  maxuse_arena          35112
  maxuse_con            9
  maxuse_efc            36
  solver_nisland        1
  ne                    0
  nf                    0
  nl                    0
  nefc                  28
  nnzJ                  504
  ncon                  7
  nisland               0
  threadpool            0

TIMER
    0:  duration =  0.02       number = 1
    1:  duration =  0.019      number = 1
    2:  duration =  0          number = 0
    3:  duration =  0.013      number = 1
    4:  duration =  0.0011     number = 1
    5:  duration =  0.00022    number = 1
    6:  duration =  0.004      number = 1
    7:  duration =  0.00053    number = 1
    8:  duration =  0.0022     number = 1
    9:  duration =  0.00085    number = 1
    10:  duration =  0.008      number = 1
    11:  duration =  0.002      number = 1
    12:  duration =  2e-05      number = 1
    13:  duration =  0.0025     number = 1
    14:  duration =  0.0053     number = 1

SOLVER STAT
  solver_nisland = 1
  solver_fwdinv =   0         0       
  ISLAND 0
    solver_niter = 1
    solver_nnz = 324
      0:  improvement =  8.5e-05     gradient =  1.1e-15     lineslope =  0       
          nactive = 27   nchange = 0   neval = 2   nupdate = 0

ENERGY =   0         0       

TIME =  59      

QPOS
   13      
   13      
   0.36    
   0.97    
  -0.0081  
  -0.01    
  -0.24    
   0.099   
   0.92    
  -1.3     
   0.082   
   0.52    
  -1.4     
   0.039   
   1.1     
  -1.3     
  -0.19    
   0.83    
  -1.3     

QVEL
  -0.001   
   0.017   
  -0.019   
   0.027   
   0.04    
   0.0067  
  -0.13    
   0.12    
  -0.32    
  -0.067   
  -0.014   
  -0.16    
  -0.055   
   0.011   
  -0.074   
  -0.052   
  -0.012   
  -0.076   

QACC_WARMSTART
  -0.067   
   0.039   
  -0.034   
  -0.45    
   0.18    
   0.058   
  -3.7     
  -4.6     
   4.6     
   0.39    
  -0.32    
  -0.22    
   0.5     
  -0.19    
  -0.32    
   0.6     
  -0.31    
   0.013   

CTRL
  -2       
  -0.53    
   0.018   
   3       
   0.31    
   9.6     
  -3.5     
  -1.6     
   6.8     
   1.7     
   0.31    
   0.85    

QFRC_APPLIED
   0       
   0       
   0       
   0       
   0       
   0       
   0       
   0       
   0       
   0       
   0       
   0       
   0       
   0       
   0       
   0       
   0       
   0       

XFRC_APPLIED
   0         0         0         0         0         0       
   0         0         0         0         0         0       
   0         0         0         0         0         0       
   0         0         0         0         0         0       
   0         0         0         0         0         0       
   0         0         0         0         0         0       
   0         0         0         0         0         0       
   0         0         0         0         0         0       
   0         0         0         0         0         0       
   0         0         0         0         0         0       
   0         0         0         0         0         0       
   0         0         0         0         0         0       
   0         0         0         0         0         0       
   0         0         0         0         0         0       
   0         0         0         0         0         0       
   0         0         0         0         0         0       
   0         0         0         0         0         0       
   0         0         0         0         0         0       
   0         0         0         0         0         0       

QACC
  -0.067   
   0.039   
  -0.034   
  -0.45    
   0.18    
   0.058   
  -3.7     
  -4.6     
   4.6     
   0.39    
  -0.32    
  -0.22    
   0.5     
  -0.19    
  -0.32    
   0.6     
  -0.31    
   0.013   

XPOS
   0         0         0       
   13        13        0.36    
   13        13        0.36    
   13        13        0.36    
   13        13        0.37    
   13        13        0.23    
   13        13        0.022   
   13        13        0.37    
   13        13        0.36    
   13        13        0.17    
   13        13        0.021   
   13        13        0.35    
   13        13        0.36    
   12        13        0.24    
   13        13        0.021   
   13        13        0.35    
   13        13        0.37    
   12        13        0.22    
   12        13        0.022   

XQUAT
   1         0         0         0       
   0.97     -0.0081   -0.01     -0.24    
   0.97     -0.0081   -0.01     -0.24    
   0.97      0.04     -0.022    -0.24    
   0.88      0.14      0.41     -0.2     
   0.95     -0.0022   -0.19     -0.25    
   0.95     -0.0022   -0.19     -0.25    
   0.97      0.032    -0.02     -0.24    
   0.94      0.093     0.23     -0.23    
   0.87     -0.073    -0.42     -0.23    
   0.87     -0.073    -0.42     -0.23    
   0.97      0.011    -0.015    -0.24    
   0.85      0.13      0.47     -0.21    
   0.96     -0.016    -0.12     -0.24    
   0.96     -0.016    -0.12     -0.24    
   0.96     -0.099     0.013    -0.24    
   0.88      0.0083    0.4      -0.26    
   0.95     -0.15     -0.19     -0.22    
   0.95     -0.15     -0.19     -0.22    

XMAT
   1         0         0         0         1         0         0         0         1       
   0.88      0.47     -0.016    -0.47      0.88      0.021     0.024    -0.011     1       
   0.88      0.47     -0.016    -0.47      0.88      0.021     0.024    -0.011     1       
   0.88      0.47     -0.063    -0.47      0.88     -0.067     0.024     0.089     1       
   0.59      0.47      0.66     -0.24      0.88     -0.42     -0.77      0.089     0.63    
   0.81      0.47     -0.36     -0.47      0.88      0.097     0.36      0.089     0.93    
   0.81      0.47     -0.36     -0.47      0.88      0.097     0.36      0.089     0.93    
   0.88      0.47     -0.055    -0.47      0.88     -0.052     0.024     0.072     1       
   0.79      0.47      0.39     -0.39      0.88     -0.28     -0.47      0.072     0.88    
   0.53      0.47     -0.7      -0.35      0.88      0.32      0.77      0.072     0.63    
   0.53      0.47     -0.7      -0.35      0.88      0.32      0.77      0.072     0.63    
   0.88      0.47     -0.035    -0.47      0.88     -0.014     0.024     0.028     1       
   0.46      0.47      0.75     -0.22      0.88     -0.42     -0.86      0.028     0.51    
   0.85      0.47     -0.22     -0.47      0.88      0.089     0.24      0.028     0.97    
   0.85      0.47     -0.22     -0.47      0.88      0.089     0.24      0.028     0.97    
   0.88      0.47      0.073    -0.47      0.86      0.19      0.024    -0.2       0.98    
   0.54      0.47      0.7      -0.46      0.86     -0.23     -0.71     -0.2       0.68    
   0.83      0.47     -0.3      -0.35      0.86      0.37      0.43     -0.2       0.88    
   0.83      0.47     -0.3      -0.35      0.86      0.37      0.43     -0.2       0.88    

XIPOS
   0         0         0       
   13        13        0.36    
   13        13        0.36    
   13        13        0.36    
   13        13        0.34    
   13        13        0.12    
   13        13        0.022   
   13        13        0.36    
   13        13        0.32    
   13        13        0.081   
   13        13        0.021   
   13        13        0.35    
   13        13        0.34    
   13        13        0.12    
   13        13        0.021   
   13        13        0.36    
   12        13        0.34    
   12        13        0.12    
   12        13        0.022   

XIMAT
   1         0         0         0         1         0         0         0         1       
  -0.016    -0.47      0.88      0.021    -0.88     -0.47      1         0.011     0.024   
   0.88      0.47     -0.016    -0.47      0.88      0.021     0.024    -0.011     1       
   0.48     -0.063     0.87      0.87     -0.067    -0.48      0.089     1         0.023   
   0.63      0.47      0.62     -0.26      0.88     -0.4      -0.73      0.089     0.68    
   0.47     -0.83     -0.31      0.88      0.47      0.069     0.089    -0.3       0.95    
   0.81      0.47     -0.36     -0.47      0.88      0.097     0.36      0.089     0.93    
   0.48     -0.055     0.87      0.87     -0.052    -0.48      0.072     1         0.023   
   0.82      0.47      0.34     -0.4       0.88     -0.25     -0.41      0.072     0.91    
   0.47     -0.57     -0.67      0.88      0.37      0.3       0.072    -0.73      0.68    
   0.53      0.47     -0.7      -0.35      0.88      0.32      0.77      0.072     0.63    
   0.48     -0.035     0.87      0.87     -0.014    -0.48      0.029     1         0.024   
   0.51      0.47      0.72     -0.25      0.88     -0.4      -0.82      0.028     0.57    
   0.47     -0.86     -0.17      0.88      0.47      0.061     0.028    -0.18      0.98    
   0.85      0.47     -0.22     -0.47      0.88      0.089     0.24      0.028     0.97    
   0.48      0.073     0.87      0.85      0.19     -0.48     -0.2       0.98      0.027   
   0.58      0.47      0.66     -0.47      0.86     -0.2      -0.66     -0.2       0.72    
   0.47     -0.85     -0.25      0.86      0.37      0.34     -0.2      -0.38      0.91    
   0.83      0.47     -0.3      -0.35      0.86      0.37      0.43     -0.2       0.88    

XANCHOR
   13        13        0.36    
   13        13        0.36    
   13        13        0.37    
   13        13        0.23    
   13        13        0.37    
   13        13        0.36    
   13        13        0.17    
   13        13        0.35    
   13        13        0.36    
   12        13        0.24    
   13        13        0.35    
   13        13        0.37    
   12        13        0.22    

XAXIS
   0         0         1       
   0.88     -0.47      0.024   
   0.47      0.88      0.089   
   0.47      0.88      0.089   
   0.88     -0.47      0.024   
   0.47      0.88      0.072   
   0.47      0.88      0.072   
   0.88     -0.47      0.024   
   0.47      0.88      0.028   
   0.47      0.88      0.028   
   0.88     -0.47      0.024   
   0.47      0.86     -0.2     
   0.47      0.86     -0.2     

GEOM_XPOS
   0         0         0       
   1.3       0         0.025   
   1.6       0         0.075   
   1.9       0         0.12    
   2.2       0         0.18    
   2.5       0         0.23    
   2.8       0         0.28    
   3.4       0         0.33    
   4.1       0         0.28    
   4.4       0         0.23    
   4.7       0         0.18    
   5         0         0.12    
   5.3       0         0.075   
   5.6       0         0.025   
   6.2       0         0.025   
   6.9       0         0.04    
   7.2       0         0.12    
   7.5       0         0.2     
   7.8       0         0.28    
   8.1       0         0.36    
   8.4       0         0.44    
   9         0         0.52    
   9.7       0         0.44    
   10        0         0.36    
   10        0         0.28    
   11        0         0.2     
   11        0         0.12    
   11        0         0.04    
   12        0         0.04    
   12        0         0.055   
   13        0         0.17    
   13        0         0.28    
   13        0         0.39    
   14        0         0.49    
   14        0         0.6     
   15        0         0.72    
   15        0         0.6     
   16        0         0.49    
   16        0         0.39    
   16        0         0.27    
   16        0         0.16    
   17        0         0.055   
   17        0         0.055   
   18        0         0.07    
   18        0         0.21    
   19        0         0.35    
   19        0         0.49    
   19        0         0.63    
   20        0         0.77    
   20        0         0.91    
   21        0         0.77    
   21        0         0.63    
   21        0         0.49    
   22        0         0.35    
   22        0         0.21    
   22        0         0.07    
   23        0         0.07    
   24        0         0.085   
   24        0         0.26    
   24        0         0.43    
   25        0         0.6     
   25        0         0.77    
   25        0         0.94    
   26        0         1.1     
   26        0         0.94    
   27        0         0.77    
   27        0         0.59    
   27        0         0.43    
   28        0         0.26    
   28        0         0.085   
   29        0         0.085   
   29        0         0.1     
   30        0         0.3     
   30        0         0.5     
   30        0         0.7     
   30        0         0.9     
   31        0         1.1     
   31        0         1.3     
   32        0         1.1     
   32        0         0.9     
   33        0         0.7     
   33        0         0.5     
   33        0         0.3     
   34        0         0.1     
   34        0         0.1     
   13        13        0.36    
   13        13        0.36    
   13        13        0.36    
   13        13        0.36    
   13        13        0.36    
   13        13        0.36    
   13        13        0.36    
   13        13        0.34    
   13        13        0.34    
   13        13        0.12    
   13        13        0.12    
   13        13        0.022   
   13        13        0.022   
   13        13        0.36    
   13        13        0.36    
   13        13        0.32    
   13        13        0.32    
   13        13        0.094   
   13        13        0.094   
   13        13        0.021   
   13        13        0.021   
   13        13        0.35    
   13        13        0.35    
   13        13        0.33    
   13        13        0.33    
   13        13        0.13    
   13        13        0.13    
   13        13        0.021   
   13        13        0.021   
   13        13        0.36    
   13        13        0.36    
   12        13        0.34    
   12        13        0.34    
   12        13        0.12    
   12        13        0.12    
   12        13        0.022   
   12        13        0.022   

GEOM_XMAT
   1         0         0         0         1         0         0         0         1       
   1         0         0         0         1         0         0         0         1       
   1         0         0         0         1         0         0         0         1       
   1         0         0         0         1         0         0         0         1       
   1         0         0         0         1         0         0         0         1       
   1         0         0         0         1         0         0         0         1       
   1         0         0         0         1         0         0         0         1       
   1         0         0         0         1         0         0         0         1       
   1         0         0         0         1         0         0         0         1       
   1         0         0         0         1         0         0         0         1       
   1         0         0         0         1         0         0         0         1       
   1         0         0         0         1         0         0         0         1       
   1         0         0         0         1         0         0         0         1       
   1         0         0         0         1         0         0         0         1       
   1         0         0         0         1         0         0         0         1       
   1         0         0         0         1         0         0         0         1       
   1         0         0         0         1         0         0         0         1       
   1         0         0         0         1         0         0         0         1       
   1         0         0         0         1         0         0         0         1       
   1         0         0         0         1         0         0         0         1       
   1         0         0         0         1         0         0         0         1       
   1         0         0         0         1         0         0         0         1       
   1         0         0         0         1         0         0         0         1       
   1         0         0         0         1         0         0         0         1       
   1         0         0         0         1         0         0         0         1       
   1         0         0         0         1         0         0         0         1       
   1         0         0         0         1         0         0         0         1       
   1         0         0         0         1         0         0         0         1       
   1         0         0         0         1         0         0         0         1       
   1         0         0         0         1         0         0         0         1       
   1         0         0         0         1         0         0         0         1       
   1         0         0         0         1         0         0         0         1       
   1         0         0         0         1         0         0         0         1       
   1         0         0         0         1         0         0         0         1       
   1         0         0         0         1         0         0         0         1       
   1         0         0         0         1         0         0         0         1       
   1         0         0         0         1         0         0         0         1       
   1         0         0         0         1         0         0         0         1       
   1         0         0         0         1         0         0         0         1       
   1         0         0         0         1         0         0         0         1       
   1         0         0         0         1         0         0         0         1       
   1         0         0         0         1         0         0         0         1       
   1         0         0         0         1         0         0         0         1       
   1         0         0         0         1         0         0         0         1       
   1         0         0         0         1         0         0         0         1       
   1         0         0         0         1         0         0         0         1       
   1         0         0         0         1         0         0         0         1       
   1         0         0         0         1         0         0         0         1       
   1         0         0         0         1         0         0         0         1       
   1         0         0         0         1         0         0         0         1       
   1         0         0         0         1         0         0         0         1       
   1         0         0         0         1         0         0         0         1       
   1         0         0         0         1         0         0         0         1       
   1         0         0         0         1         0         0         0         1       
   1         0         0         0         1         0         0         0         1       
   1         0         0         0         1         0         0         0         1       
   1         0         0         0         1         0         0         0         1       
   1         0         0         0         1         0         0         0         1       
   1         0         0         0         1         0         0         0         1       
   1         0         0         0         1         0         0         0         1       
   1         0         0         0         1         0         0         0         1       
   1         0         0         0         1         0         0         0         1       
   1         0         0         0         1         0         0         0         1       
   1         0         0         0         1         0         0         0         1       
   1         0         0         0         1         0         0         0         1       
   1         0         0         0         1         0         0         0         1       
   1         0         0         0         1         0         0         0         1       
   1         0         0         0         1         0         0         0         1       
   1         0         0         0         1         0         0         0         1       
   1         0         0         0         1         0         0         0         1       
   1         0         0         0         1         0         0         0         1       
   1         0         0         0         1         0         0         0         1       
   1         0         0         0         1         0         0         0         1       
   1         0         0         0         1         0         0         0         1       
   1         0         0         0         1         0         0         0         1       
   1         0         0         0         1         0         0         0         1       
   1         0         0         0         1         0         0         0         1       
   1         0         0         0         1         0         0         0         1       
   1         0         0         0         1         0         0         0         1       
   1         0         0         0         1         0         0         0         1       
   1         0         0         0         1         0         0         0         1       
   1         0         0         0         1         0         0         0         1       
   1         0         0         0         1         0         0         0         1       
   1         0         0         0         1         0         0         0         1       
   1         0         0         0         1         0         0         0         1       
  -0.016    -0.88     -0.47      0.021     0.47     -0.88      1        -0.024     0.011   
  -0.016    -0.88     -0.47      0.021     0.47     -0.88      1        -0.024     0.011   
  -0.016    -0.47      0.88      0.021    -0.88     -0.47      1         0.011     0.024   
  -0.016    -0.47      0.88      0.021    -0.88     -0.47      1         0.011     0.024   
   0.88      0.47     -0.016    -0.47      0.88      0.021     0.024    -0.011     1       
   0.44     -0.063     0.89      0.89     -0.067    -0.45      0.088     1         0.027   
   0.44     -0.063     0.89      0.89     -0.067    -0.45      0.088     1         0.027   
   0.65     -0.45      0.62      0.76      0.36     -0.53      0.013     0.82      0.58    
   0.65     -0.45      0.62      0.76      0.36     -0.53      0.013     0.82      0.58    
   0.47     -0.8      -0.37      0.88      0.47      0.11      0.088    -0.38      0.92    
   0.47     -0.8      -0.37      0.88      0.47      0.11      0.088    -0.38      0.92    
   0.81      0.47     -0.36     -0.47      0.88      0.097     0.36      0.089     0.93    
   0.81      0.47     -0.36     -0.47      0.88      0.097     0.36      0.089     0.93    
   0.5      -0.055     0.87      0.87     -0.052    -0.5       0.072     1         0.022   
   0.5      -0.055     0.87      0.87     -0.052    -0.5       0.072     1         0.022   
   0.26     -0.84      0.48      0.96      0.2      -0.18      0.057     0.51      0.86    
   0.26     -0.84      0.48      0.96      0.2      -0.18      0.057     0.51      0.86    
   0.47     -0.52     -0.71      0.88      0.34      0.33      0.072    -0.79      0.61    
   0.47     -0.52     -0.71      0.88      0.34      0.33      0.072    -0.79      0.61    
   0.53      0.47     -0.7      -0.35      0.88      0.32      0.77      0.072     0.63    
   0.53      0.47     -0.7      -0.35      0.88      0.32      0.77      0.072     0.63    
   0.45     -0.035     0.89      0.89     -0.014    -0.45      0.028     1         0.025   
   0.45     -0.035     0.89      0.89     -0.014    -0.45      0.028     1         0.025   
   0.64     -0.32      0.7       0.77      0.35     -0.54     -0.075     0.88      0.47    
   0.64     -0.32      0.7       0.77      0.35     -0.54     -0.075     0.88      0.47    
   0.47     -0.85     -0.24      0.88      0.46      0.1       0.028    -0.26      0.96    
   0.47     -0.85     -0.24      0.88      0.46      0.1       0.028    -0.26      0.96    
   0.85      0.47     -0.22     -0.47      0.88      0.089     0.24      0.028     0.97    
   0.85      0.47     -0.22     -0.47      0.88      0.089     0.24      0.028     0.97    
   0.49      0.073     0.87      0.85      0.19     -0.5      -0.2       0.98      0.03    
   0.49      0.073     0.87      0.85      0.19     -0.5      -0.2       0.98      0.03    
   0.27     -0.57      0.78      0.95      0.27     -0.13     -0.14      0.78      0.61    
   0.27     -0.57      0.78      0.95      0.27     -0.13     -0.14      0.78      0.61    
   0.47     -0.82     -0.32      0.86      0.35      0.37     -0.2      -0.45      0.87    
   0.47     -0.82     -0.32      0.86      0.35      0.37     -0.2      -0.45      0.87    
   0.83      0.47     -0.3      -0.35      0.86      0.37      0.43     -0.2       0.88    
   0.83      0.47     -0.3      -0.35      0.86      0.37      0.43     -0.2       0.88    

LIGHT_XPOS
   0         0         1.5     
   0         0         1.5     

LIGHT_XDIR
   0         0        -1       
   0         0        -1       

SUBTREE_COM
   13        13        0.31    
   13        13        0.31    
   13        13        0.36    
   13        13        0.3     
   13        13        0.27    
   13        13        0.11    
   13        13        0.022   
   13        13        0.28    
   13        13        0.24    
   13        13        0.074   
   13        13        0.021   
   13        13        0.29    
   13        13        0.26    
   13        13        0.11    
   13        13        0.021   
   12        13        0.29    
   12        13        0.27    
   12        13        0.11    
   12        13        0.022   

CDOF
   0         0         0         1         0         0       
   0         0         0         0         1         0       
   0         0         0         0         0         1       
   0.88     -0.47      0.024     0.021     0.04      0.00012 
   0.47      0.88     -0.011    -0.04      0.022     0.023   
  -0.016     0.021     1        -0.012    -0.021     0.00024 
   0.88     -0.47      0.024     0.022     0.039    -0.05    
   0.47      0.88      0.089    -0.051     0.0023    0.25    
   0.47      0.88      0.089     0.078    -0.05      0.077   
   0.88     -0.47      0.024     0.021     0.041     0.05    
   0.47      0.88      0.072    -0.057     0.01      0.25    
   0.47      0.88      0.072     0.12     -0.075     0.14    
   0.88     -0.47      0.024     0.022     0.039    -0.05    
   0.47      0.88      0.028    -0.031     0.023    -0.2     
   0.47      0.88      0.028     0.071    -0.026    -0.39    
   0.88     -0.47      0.024     0.021     0.041     0.05    
   0.47      0.86     -0.2      -0.045    -0.021    -0.2     
   0.47      0.86     -0.2       0.073    -0.12     -0.35    

CINERT
   0         0         0         0         0         0         0         0         0         0       
   0.077     0.1       0.11      0.018    -0.0061    0.0035    0.11     -0.059     0.25      5.4     
   0.0001    0.0001    0.0001    2.2e-07  -9.2e-07   5e-07     2e-05    -1.1e-05   4.6e-05   0.001   
   0.0051    0.037     0.037     0.0094   -0.0082    0.0022    0.17     -0.045     0.04      0.8     
   0.0069    0.086     0.083    -0.0002   -0.012     0.0018    0.31      0.0075    0.036     1.2     
   0.029     0.042     0.021    -0.008     0.02      0.0089    0.093     0.046    -0.11      0.53    
   0.0055    0.0081    0.0033   -0.00097   0.0039    0.0013    0.013     0.0044   -0.018     0.06    
   0.019     0.024     0.037     0.018    -0.0065    0.0058    0.13     -0.11      0.041     0.8     
   0.065     0.035     0.086     0.039    -0.0039    0.0041    0.18     -0.26      0.011     1.2     
   0.056     0.045     0.039     0.018     0.021    -0.028     0.08     -0.11     -0.12      0.53    
   0.009     0.0083    0.007     0.0035    0.004    -0.0044    0.014    -0.015    -0.018     0.06    
   0.014     0.014     0.024     0.012     0.0039   -0.0039   -0.096     0.096     0.033     0.8     
   0.066     0.036     0.095     0.043     0.0014   -0.0047   -0.19      0.27      0.029     1.2     
   0.069     0.055     0.078     0.038    -0.024     0.029    -0.13      0.16     -0.1       0.53    
   0.01      0.0083    0.0081    0.0039   -0.004     0.0051   -0.014     0.017    -0.018     0.06    
   0.0029    0.024     0.024     0.0046    0.0055   -0.0012   -0.13      0.027     0.033     0.8     
   0.0065    0.096     0.092     0.0008    0.0062    0.0011   -0.33     -0.00011   0.036     1.2     
   0.025     0.091     0.067    -0.0039   -0.036    -0.0037   -0.19     -0.012    -0.1       0.53    
   0.0053    0.012     0.0067   -0.0011   -0.0058   -0.001    -0.02     -0.0035   -0.018     0.06    

ACTUATOR_LENGTH
   0.099   
   0.92    
  -1.3     
   0.082   
   0.52    
  -1.4     
   0.039   
   1.1     
  -1.3     
  -0.19    
   0.83    
  -1.3     

ACTUATOR_MOMENT
   0         0         0         0         0         0         1         0         0         0         0         0         0         0         0         0         0         0       
   0         0         0         0         0         0         0         1         0         0         0         0         0         0         0         0         0         0       
   0         0         0         0         0         0         0         0         1         0         0         0         0         0         0         0         0         0       
   0         0         0         0         0         0         0         0         0         1         0         0         0         0         0         0         0         0       
   0         0         0         0         0         0         0         0         0         0         1         0         0         0         0         0         0         0       
   0         0         0         0         0         0         0         0         0         0         0         1         0         0         0         0         0         0       
   0         0         0         0         0         0         0         0         0         0         0         0         1         0         0         0         0         0       
   0         0         0         0         0         0         0         0         0         0         0         0         0         1         0         0         0         0       
   0         0         0         0         0         0         0         0         0         0         0         0         0         0         1         0         0         0       
   0         0         0         0         0         0         0         0         0         0         0         0         0         0         0         1         0         0       
   0         0         0         0         0         0         0         0         0         0         0         0         0         0         0         0         1         0       
   0         0         0         0         0         0         0         0         0         0         0         0         0         0         0         0         0         1       

CRB
   0         0         0         0         0         0         0         0         0         0       
   0.47      0.72      0.82      0.19     -0.041     0.017    -2.2e-14  -1.3e-14   6.2e-16   16      
   0.0001    0.0001    0.0001    2.2e-07  -9.2e-07   5e-07     2e-05    -1.1e-05   4.6e-05   0.001   
   0.046     0.17      0.14      0.00018   0.0034    0.014     0.58      0.013    -0.047     2.6     
   0.041     0.14      0.11     -0.0092    0.012     0.012     0.41      0.058    -0.087     1.8     
   0.034     0.05      0.024    -0.009     0.024     0.01      0.11      0.051    -0.12      0.59    
   0.0055    0.0081    0.0033   -0.00097   0.0039    0.0013    0.013     0.0044   -0.018     0.06    
   0.15      0.11      0.17      0.079     0.014    -0.022     0.4      -0.51     -0.089     2.6     
   0.13      0.088     0.13      0.061     0.021    -0.028     0.27     -0.39     -0.13      1.8     
   0.065     0.053     0.046     0.022     0.025    -0.032     0.094    -0.13     -0.14      0.59    
   0.009     0.0083    0.007     0.0035    0.004    -0.0044    0.014    -0.015    -0.018     0.06    
   0.16      0.11      0.2       0.097    -0.022     0.026    -0.42      0.54     -0.057     2.6     
   0.15      0.099     0.18      0.085    -0.026     0.03     -0.33      0.44     -0.089     1.8     
   0.08      0.063     0.086     0.042    -0.028     0.034    -0.14      0.17     -0.12      0.59    
   0.01      0.0083    0.0081    0.0039   -0.004     0.0051   -0.014     0.017    -0.018     0.06    
   0.04      0.22      0.19      0.00044  -0.03     -0.0048   -0.67      0.011    -0.052     2.6     
   0.037     0.2       0.17     -0.0042   -0.035    -0.0036   -0.53     -0.016    -0.085     1.8     
   0.03      0.1       0.074    -0.005    -0.042    -0.0047   -0.21     -0.015    -0.12      0.59    
   0.0053    0.012     0.0067   -0.0011   -0.0058   -0.001    -0.02     -0.0035   -0.018     0.06    

QM
   16        0         0         0.34     -0.64     -0.19      0.08     -0.17     -0.066     0.11     -0.19     -0.046     0.072    -0.15     -0.067     0.078    -0.16     -0.065   
   0         16        0         0.63      0.35     -0.33      0.16      0.082     0.038     0.19      0.1       0.029     0.14      0.075     0.037     0.14      0.11      0.026   
   0         0         16        0.0019    0.36      0.0038    0.16      0.11     -0.024    -0.12      0.023    -0.058     0.14      0.13     -0.024    -0.17      0.092    -0.038   
   0.34      0.63      0.0019    0.39      0.0034   -0.05      0.071     0.016    -0.0031    0.077    -0.0036    0.0079    0.061     0.018    -0.003     0.073    -0.013     0.0051  
  -0.64      0.35      0.36      0.0034    0.87     -0.0042   -0.024     0.039     0.026     0.026     0.058     0.033     0.045     0.093     0.015    -0.051     0.081     0.01    
  -0.19     -0.33      0.0038   -0.05     -0.0042    0.83      0.016     0.03      0.013     0.047    -0.024    -0.0049   -0.06      0.026     0.011    -0.053    -0.041    -0.012   
   0.08      0.16      0.16      0.071    -0.024     0.016     0.093     0.0098   -0.002     0         0         0         0         0         0         0         0         0       
  -0.17      0.082     0.11      0.016     0.039     0.03      0.0098    0.098     0.022     0         0         0         0         0         0         0         0         0       
  -0.066     0.038    -0.024    -0.0031    0.026     0.013    -0.002     0.022     0.046     0         0         0         0         0         0         0         0         0       
   0.11      0.19     -0.12      0.077     0.026     0.047     0         0         0         0.1      -0.0022    0.0051    0         0         0         0         0         0       
  -0.19      0.1       0.023    -0.0036    0.058    -0.024     0         0         0        -0.0022    0.094     0.02      0         0         0         0         0         0       
  -0.046     0.029    -0.058     0.0079    0.033    -0.0049    0         0         0         0.0051    0.02      0.046     0         0         0         0         0         0       
   0.072     0.14      0.14      0.061     0.045    -0.06      0         0         0         0         0         0         0.084     0.011    -0.0019    0         0         0       
  -0.15      0.075     0.13      0.018     0.093     0.026     0         0         0         0         0         0         0.011     0.093     0.02      0         0         0       
  -0.067     0.037    -0.024    -0.003     0.015     0.011     0         0         0         0         0         0        -0.0019    0.02      0.046     0         0         0       
   0.078     0.14     -0.17      0.073    -0.051    -0.053     0         0         0         0         0         0         0         0         0         0.094    -0.0081    0.0033  
  -0.16      0.11      0.092    -0.013     0.081    -0.041     0         0         0         0         0         0         0         0         0        -0.0081    0.094     0.02    
  -0.065     0.026    -0.038     0.0051    0.01     -0.012     0         0         0         0         0         0         0         0         0         0.0033    0.02      0.046   

QLD
   14       -0.0023    0.033     0.54     -0.27     -0.24      1        -1.6      -1.4       1        -2        -1         1        -1.4      -1.5       0.73     -1.5      -1.4     
  -0.0023    14       -0.015     0.85      0.14     -0.34      1.6       0.73      0.83      2         1         0.64      1.6       0.7       0.8       1.6       1.1       0.58    
   0.033    -0.015     14       -0.02      0.12      0.031     1.5       1.4      -0.53     -1.2       0.58     -1.3       1.5       1.7      -0.52     -1.7       1.3      -0.84    
   0.54      0.85     -0.02      0.18      0.0014   -0.032     0.75      0.2      -0.068     0.76     -0.084     0.17      0.71      0.23     -0.066     0.76     -0.18      0.11    
  -0.27      0.14      0.12      0.0014    0.59     -0.0022   -0.28      0.3       0.58      0.24      0.52      0.73      0.41      1         0.32     -0.46      0.91      0.22    
  -0.24     -0.34      0.031    -0.032    -0.0022    0.69      0.15      0.27      0.29      0.46     -0.26     -0.11     -0.76      0.25      0.24     -0.6      -0.43     -0.26    
   1         1.6       1.5       0.75     -0.28      0.15      0.091     0.12     -0.043     0         0         0         0         0         0         0         0         0       
  -1.6       0.73      1.4       0.2       0.3       0.27      0.12      0.087     0.48      0         0         0         0         0         0         0         0         0       
  -1.4       0.83     -0.53     -0.068     0.58      0.29     -0.043     0.48      0.046     0         0         0         0         0         0         0         0         0       
   1         2        -1.2       0.76      0.24      0.46      0         0         0         0.1      -0.052     0.11      0         0         0         0         0         0       
  -2         1         0.58     -0.084     0.52     -0.26      0         0         0        -0.052     0.085     0.44      0         0         0         0         0         0       
  -1         0.64     -1.3       0.17      0.73     -0.11      0         0         0         0.11      0.44      0.046     0         0         0         0         0         0       
   1         1.6       1.5       0.71      0.41     -0.76      0         0         0         0         0         0         0.082     0.14     -0.042     0         0         0       
  -1.4       0.7       1.7       0.23      1         0.25      0         0         0         0         0         0         0.14      0.085     0.44      0         0         0       
  -1.5       0.8      -0.52     -0.066     0.32      0.24      0         0         0         0         0         0        -0.042     0.44      0.046     0         0         0       
   0.73      1.6      -1.7       0.76     -0.46     -0.6       0         0         0         0         0         0         0         0         0         0.093    -0.11      0.072   
  -1.5       1.1       1.3      -0.18      0.91     -0.43      0         0         0         0         0         0         0         0         0        -0.11      0.085     0.44    
  -1.4       0.58     -0.84      0.11      0.22     -0.26      0         0         0         0         0         0         0         0         0         0.072     0.44      0.046   

QLDIAGINV
   0.071   
   0.071   
   0.07    
   5.7     
   1.7     
   1.5     
   11      
   12      
   22      
   10      
   12      
   22      
   12      
   12      
   22      
   11      
   12      
   22      

QLDIAGSQRTINV
   0.27    
   0.27    
   0.26    
   2.4     
   1.3     
   1.2     
   3.3     
   3.4     
   4.7     
   3.2     
   3.4     
   4.7     
   3.5     
   3.4     
   4.7     
   3.3     
   3.4     
   4.7     

B_rownnz              18 18 6 9 9 9 9 9 9 9 9 9 9 9 9 9 9 9 9

B_rowadr              0 18 36 42 51 60 69 78 87 96 105 114 123 132 141 150 159 168 177

B_colind              0 1 2 3 4 5 6 7 8 9 10 11 12 13 14 15 16 17 0 1 2 3 4 5 6 7 8 9 10 11 12 13 14 15 16 17 0 1 2 3 4 5 0 1 2 3 4 5 6 7 8 0 1 2 3 4 5 6 7 8 0 1 2 3 4 5 6 7 8 0 1 2 3 4 5 6 7 8 0 1 2 3 4 5 9 10 11 0 1 2 3 4 5 9 10 11 0 1 2 3 4 5 9 10 11 0 1 2 3 4 5 9 10 11 0 1 2 3 4 5 12 13 14 0 1 2 3 4 5 12 13 14 0 1 2 3 4 5 12 13 14 0 1 2 3 4 5 12 13 14 0 1 2 3 4 5 15 16 17 0 1 2 3 4 5 15 16 17 0 1 2 3 4 5 15 16 17 0 1 2 3 4 5 15 16 17

C_rownnz              18 18 18 18 18 18 9 9 9 9 9 9 9 9 9 9 9 9

C_rowadr              0 18 36 54 72 90 108 117 126 135 144 153 162 171 180 189 198 207

C_colind              0 1 2 3 4 5 6 7 8 9 10 11 12 13 14 15 16 17 0 1 2 3 4 5 6 7 8 9 10 11 12 13 14 15 16 17 0 1 2 3 4 5 6 7 8 9 10 11 12 13 14 15 16 17 0 1 2 3 4 5 6 7 8 9 10 11 12 13 14 15 16 17 0 1 2 3 4 5 6 7 8 9 10 11 12 13 14 15 16 17 0 1 2 3 4 5 6 7 8 9 10 11 12 13 14 15 16 17 0 1 2 3 4 5 6 7 8 0 1 2 3 4 5 6 7 8 0 1 2 3 4 5 6 7 8 0 1 2 3 4 5 9 10 11 0 1 2 3 4 5 9 10 11 0 1 2 3 4 5 9 10 11 0 1 2 3 4 5 12 13 14 0 1 2 3 4 5 12 13 14 0 1 2 3 4 5 12 13 14 0 1 2 3 4 5 15 16 17 0 1 2 3 4 5 15 16 17 0 1 2 3 4 5 15 16 17

mapM2C                0 2 5 9 14 20 27 35 44 51 59 68 75 83 92 99 107 116 2 1 4 8 13 19 26 34 43 50 58 67 74 82 91 98 106 115 5 4 3 7 12 18 25 33 42 49 57 66 73 81 90 97 105 114 9 8 7 6 11 17 24 32 41 48 56 65 72 80 89 96 104 113 14 13 12 11 10 16 23 31 40 47 55 64 71 79 88 95 103 112 20 19 18 17 16 15 22 30 39 46 54 63 70 78 87 94 102 111 27 26 25 24 23 22 21 29 38 35 34 33 32 31 30 29 28 37 44 43 42 41 40 39 38 37 36 51 50 49 48 47 46 45 53 62 59 58 57 56 55 54 53 52 61 68 67 66 65 64 63 62 61 60 75 74 73 72 71 70 69 77 86 83 82 81 80 79 78 77 76 85 92 91 90 89 88 87 86 85 84 99 98 97 96 95 94 93 101 110 107 106 105 104 103 102 101 100 109 116 115 114 113 112 111 110 109 108

D_rownnz              18 18 18 18 18 18 9 9 9 9 9 9 9 9 9 9 9 9

D_rowadr              0 18 36 54 72 90 108 117 126 135 144 153 162 171 180 189 198 207

D_colind              0 1 2 3 4 5 6 7 8 9 10 11 12 13 14 15 16 17 0 1 2 3 4 5 6 7 8 9 10 11 12 13 14 15 16 17 0 1 2 3 4 5 6 7 8 9 10 11 12 13 14 15 16 17 0 1 2 3 4 5 6 7 8 9 10 11 12 13 14 15 16 17 0 1 2 3 4 5 6 7 8 9 10 11 12 13 14 15 16 17 0 1 2 3 4 5 6 7 8 9 10 11 12 13 14 15 16 17 0 1 2 3 4 5 6 7 8 0 1 2 3 4 5 6 7 8 0 1 2 3 4 5 6 7 8 0 1 2 3 4 5 9 10 11 0 1 2 3 4 5 9 10 11 0 1 2 3 4 5 9 10 11 0 1 2 3 4 5 12 13 14 0 1 2 3 4 5 12 13 14 0 1 2 3 4 5 12 13 14 0 1 2 3 4 5 15 16 17 0 1 2 3 4 5 15 16 17 0 1 2 3 4 5 15 16 17

mapM2D                0 2 5 9 14 20 27 35 44 51 59 68 75 83 92 99 107 116 2 1 4 8 13 19 26 34 43 50 58 67 74 82 91 98 106 115 5 4 3 7 12 18 25 33 42 49 57 66 73 81 90 97 105 114 9 8 7 6 11 17 24 32 41 48 56 65 72 80 89 96 104 113 14 13 12 11 10 16 23 31 40 47 55 64 71 79 88 95 103 112 20 19 18 17 16 15 22 30 39 46 54 63 70 78 87 94 102 111 27 26 25 24 23 22 21 29 38 35 34 33 32 31 30 29 28 37 44 43 42 41 40 39 38 37 36 51 50 49 48 47 46 45 53 62 59 58 57 56 55 54 53 52 61 68 67 66 65 64 63 62 61 60 75 74 73 72 71 70 69 77 86 83 82 81 80 79 78 77 76 85 92 91 90 89 88 87 86 85 84 99 98 97 96 95 94 93 101 110 107 106 105 104 103 102 101 100 109 116 115 114 113 112 111 110 109 108

mapD2M                0 19 18 38 37 36 57 56 55 54 76 75 74 73 72 95 94 93 92 91 90 114 113 112 111 110 109 108 124 123 122 121 120 119 118 117 134 133 132 131 130 129 128 127 126 141 140 139 138 137 136 135 151 150 149 148 147 146 145 144 161 160 159 158 157 156 155 154 153 168 167 166 165 164 163 162 178 177 176 175 174 173 172 171 188 187 186 185 184 183 182 181 180 195 194 193 192 191 190 189 205 204 203 202 201 200 199 198 215 214 213 212 211 210 209 208 207

QDERIV
   0         0         0         0         0         0         0         0         0         0         0         0         0         0         0         0         0         0       
   0         0         0         0         0         0         0         0         0         0         0         0         0         0         0         0         0         0       
   0         0         0         0         0         0         0         0         0         0         0         0         0         0         0         0         0         0       
   0         0         0         0         0         0         0         0         0         0         0         0         0         0         0         0         0         0       
   0         0         0         0         0         0         0         0         0         0         0         0         0         0         0         0         0         0       
   0         0         0         0         0         0         0         0         0         0         0         0         0         0         0         0         0         0       
   0         0         0         0         0         0         0         0         0         0         0         0         0         0         0         0         0         0       
   0         0         0         0         0         0         0         0         0         0         0         0         0         0         0         0         0         0       
   0         0         0         0         0         0         0         0         0         0         0         0         0         0         0         0         0         0       
   0         0         0         0         0         0         0         0         0         0         0         0         0         0         0         0         0         0       
   0         0         0         0         0         0         0         0         0         0         0         0         0         0         0         0         0         0       
   0         0         0         0         0         0         0         0         0         0         0         0         0         0         0         0         0         0       
   0         0         0         0         0         0         0         0         0         0         0         0         0         0         0         0         0         0       
   0         0         0         0         0         0         0         0         0         0         0         0         0         0         0         0         0         0       
   0         0         0         0         0         0         0         0         0         0         0         0         0         0         0         0         0         0       
   0         0         0         0         0         0         0         0         0         0         0         0         0         0         0         0         0         0       
   0         0         0         0         0         0         0         0         0         0         0         0         0         0         0         0         0         0       
   0         0         0         0         0         0         0         0         0         0         0         0         0         0         0         0         0         0       

QLU
   0         0         0         0         0         0         0         0         0         0         0         0         0         0         0         0         0         0       
   0         0         0         0         0         0         0         0         0         0         0         0         0         0         0         0         0         0       
   0         0         0         0         0         0         0         0         0         0         0         0         0         0         0         0         0         0       
   0         0         0         0         0         0         0         0         0         0         0         0         0         0         0         0         0         0       
   0         0         0         0         0         0         0         0         0         0         0         0         0         0         0         0         0         0       
   0         0         0         0         0         0         0         0         0         0         0         0         0         0         0         0         0         0       
   0         0         0         0         0         0         0         0         0         0         0         0         0         0         0         0         0         0       
   0         0         0         0         0         0         0         0         0         0         0         0         0         0         0         0         0         0       
   0         0         0         0         0         0         0         0         0         0         0         0         0         0         0         0         0         0       
   0         0         0         0         0         0         0         0         0         0         0         0         0         0         0         0         0         0       
   0         0         0         0         0         0         0         0         0         0         0         0         0         0         0         0         0         0       
   0         0         0         0         0         0         0         0         0         0         0         0         0         0         0         0         0         0       
   0         0         0         0         0         0         0         0         0         0         0         0         0         0         0         0         0         0       
   0         0         0         0         0         0         0         0         0         0         0         0         0         0         0         0         0         0       
   0         0         0         0         0         0         0         0         0         0         0         0         0         0         0         0         0         0       
   0         0         0         0         0         0         0         0         0         0         0         0         0         0         0         0         0         0       
   0         0         0         0         0         0         0         0         0         0         0         0         0         0         0         0         0         0       
   0         0         0         0         0         0         0         0         0         0         0         0         0         0         0         0         0         0       

CONTACT
  0:
     dim           3
     geoms         floor : 97
     exclude       0
     efc_address   0
     solref         0.02      1       
     solimp         0.9       0.95      0.001     0.5       2       
     dist          -0.0083  
     includemargin  0       
     pos            13        13       -0.0042  
     frame          0         0         1         0         1         0        -1         0         0       
     friction       3         3         0.2       0.2       0.2     
     mu             3       
  1:
     dim           3
     geoms         floor : 103
     exclude       0
     efc_address   4
     solref         0.02      1       
     solimp         0.9       0.95      0.001     0.5       2       
     dist          -0.00091 
     includemargin  0       
     pos            13        13       -0.00046 
     frame          0         0         1         0         1         0        -1         0         0       
     friction       1         1         0.005     0.0001    0.0001  
     mu             1       
  2:
     dim           3
     geoms         floor : 105
     exclude       0
     efc_address   8
     solref         0.02      1       
     solimp         0.9       0.95      0.001     0.5       2       
     dist          -0.0089  
     includemargin  0       
     pos            13        13       -0.0044  
     frame          0         0         1         0         1         0        -1         0         0       
     friction       3         3         0.2       0.2       0.2     
     mu             3       
  3:
     dim           3
     geoms         floor : 111
     exclude       0
     efc_address   12
     solref         0.02      1       
     solimp         0.9       0.95      0.001     0.5       2       
     dist          -0.00081 
     includemargin  0       
     pos            13        13       -0.00041 
     frame          0         0         1         0         1         0        -1         0         0       
     friction       1         1         0.005     0.0001    0.0001  
     mu             1       
  4:
     dim           3
     geoms         floor : 113
     exclude       0
     efc_address   16
     solref         0.02      1       
     solimp         0.9       0.95      0.001     0.5       2       
     dist          -0.0093  
     includemargin  0       
     pos            13        13       -0.0046  
     frame          0         0         1         0         1         0        -1         0         0       
     friction       3         3         0.2       0.2       0.2     
     mu             3       
  5:
     dim           3
     geoms         floor : 119
     exclude       0
     efc_address   20
     solref         0.02      1       
     solimp         0.9       0.95      0.001     0.5       2       
     dist          -0.00023 
     includemargin  0       
     pos            12        13       -0.00011 
     frame          0         0         1         0         1         0        -1         0         0       
     friction       1         1         0.005     0.0001    0.0001  
     mu             1       
  6:
     dim           3
     geoms         floor : 121
     exclude       0
     efc_address   24
     solref         0.02      1       
     solimp         0.9       0.95      0.001     0.5       2       
     dist          -0.0085  
     includemargin  0       
     pos            12        13       -0.0042  
     frame          0         0         1         0         1         0        -1         0         0       
     friction       3         3         0.2       0.2       0.2     
     mu             3       

EFC_TYPE
  6
  6
  6
  6
  6
  6
  6
  6
  6
  6
  6
  6
  6
  6
  6
  6
  6
  6
  6
  6
  6
  6
  6
  6
  6
  6
  6
  6

EFC_ID
  0
  0
  0
  0
  1
  1
  1
  1
  2
  2
  2
  2
  3
  3
  3
  3
  4
  4
  4
  4
  5
  5
  5
  5
  6
  6
  6
  6

EFC_J
   0         3         1         1.1       0.37      0.58      1.1       0.6       0.28      0         0         0         0         0         0         0         0         0       
   0        -3         1        -0.81     -0.65     -0.59     -0.85     -0.43     -0.44      0         0         0         0         0         0         0         0         0       
  -3         0         1        -0.34      0.82      0.27     -0.39      1.1       0.54      0         0         0         0         0         0         0         0         0       
   3         0         1         0.68     -1.1      -0.28      0.63     -0.92     -0.7       0         0         0         0         0         0         0         0         0       
   0         1         1         0.21     -0.13      0.2       0         0         0         0.26      0.1      -0.086     0         0         0         0         0         0       
   0        -1         1        -0.43     -0.47     -0.2       0         0         0        -0.39     -0.25     -0.27      0         0         0         0         0         0       
  -1         0         1        -0.29      0.022    -0.23      0         0         0        -0.24      0.24     -0.035     0         0         0         0         0         0       
   1         0         1         0.064    -0.62      0.23      0         0         0         0.11     -0.39     -0.32      0         0         0         0         0         0       
   0         3         1         0.86      0.21      0.61      0         0         0         0.92      0.46      0.099     0         0         0         0         0         0       
   0        -3         1        -1.1      -0.81     -0.61      0         0         0        -1        -0.6      -0.45      0         0         0         0         0         0       
  -3         0         1        -0.65      0.67     -0.7       0         0         0        -0.6       0.88      0.26      0         0         0         0         0         0       
   3         0         1         0.42     -1.3       0.7       0         0         0         0.47     -1        -0.61      0         0         0         0         0         0       
   0         1         1         0.46      0.53     -0.25      0         0         0         0         0         0         0.41      0.3       0.06      0         0         0       
   0        -1         1        -0.16      0.19      0.25      0         0         0         0         0         0        -0.21     -0.033    -0.17      0         0         0       
  -1         0         1        -0.015     0.67      0.31      0         0         0         0         0         0        -0.066     0.45      0.16      0         0         0       
   1         0         1         0.31      0.045    -0.31      0         0         0         0         0         0         0.26     -0.18     -0.27      0         0         0       
   0         3         1         1.1       0.89     -0.76      0         0         0         0         0         0         1         0.64      0.3       0         0         0       
   0        -3         1        -0.8      -0.17      0.76      0         0         0         0         0         0        -0.84     -0.37     -0.41      0         0         0       
  -3         0         1        -0.35      1.3       0.92      0         0         0         0         0         0        -0.4       1.1       0.6       0         0         0       
   3         0         1         0.64     -0.59     -0.92      0         0         0         0         0         0         0.6      -0.83     -0.71      0         0         0       
   0         1         1         0.1       0.46     -0.35      0         0         0         0         0         0         0         0         0         0.15      0.25     -0.007   
   0        -1         1        -0.51      0.11      0.36      0         0         0         0         0         0         0         0         0        -0.47     -0.13     -0.19    
  -1         0         1        -0.38      0.6      -0.031     0         0         0         0         0         0         0         0         0        -0.33      0.39      0.11    
   1         0         1        -0.035    -0.031     0.047     0         0         0         0         0         0         0         0         0         0.014    -0.27     -0.31    
   0         3         1         0.73      0.81     -1.1       0         0         0         0         0         0         0         0         0         0.78      0.64      0.18    
   0        -3         1        -1.1      -0.24      1.1       0         0         0         0         0         0         0         0         0        -1.1      -0.52     -0.38    
  -3         0         1        -0.73      1.2      -0.11      0         0         0         0         0         0         0         0         0        -0.67      1.1       0.54    
   3         0         1         0.31     -0.68      0.13      0         0         0         0         0         0         0         0         0         0.36     -0.93     -0.74    

EFC_POS
  -0.0083  
  -0.0083  
  -0.0083  
  -0.0083  
  -0.00091 
  -0.00091 
  -0.00091 
  -0.00091 
  -0.0089  
  -0.0089  
  -0.0089  
  -0.0089  
  -0.00081 
  -0.00081 
  -0.00081 
  -0.00081 
  -0.0093  
  -0.0093  
  -0.0093  
  -0.0093  
  -0.00023 
  -0.00023 
  -0.00023 
  -0.00023 
  -0.0085  
  -0.0085  
  -0.0085  
  -0.0085  

EFC_MARGIN
   0       
   0       
   0       
   0       
   0       
   0       
   0       
   0       
   0       
   0       
   0       
   0       
   0       
   0       
   0       
   0       
   0       
   0       
   0       
   0       
   0       
   0       
   0       
   0       
   0       
   0       
   0       
   0       

EFC_FRICTIONLOSS
   0       
   0       
   0       
   0       
   0       
   0       
   0       
   0       
   0       
   0       
   0       
   0       
   0       
   0       
   0       
   0       
   0       
   0       
   0       
   0       
   0       
   0       
   0       
   0       
   0       
   0       
   0       
   0       

EFC_DIAGAPPROX
   2.3e+02 
   2.3e+02 
   2.3e+02 
   2.3e+02 
   2.9     
   2.9     
   2.9     
   2.9     
   2.3e+02 
   2.3e+02 
   2.3e+02 
   2.3e+02 
   2.9     
   2.9     
   2.9     
   2.9     
   2.3e+02 
   2.3e+02 
   2.3e+02 
   2.3e+02 
   2.9     
   2.9     
   2.9     
   2.9     
   2.3e+02 
   2.3e+02 
   2.3e+02 
   2.3e+02 

EFC_KBIP
   2.8e+03   1.1e+02   0.95      0       
   2.8e+03   1.1e+02   0.95      0       
   2.8e+03   1.1e+02   0.95      0       
   2.8e+03   1.1e+02   0.95      0       
   2.8e+03   1.1e+02   0.95     -17      
   2.8e+03   1.1e+02   0.95     -17      
   2.8e+03   1.1e+02   0.95     -17      
   2.8e+03   1.1e+02   0.95     -17      
   2.8e+03   1.1e+02   0.95      0       
   2.8e+03   1.1e+02   0.95      0       
   2.8e+03   1.1e+02   0.95      0       
   2.8e+03   1.1e+02   0.95      0       
   2.8e+03   1.1e+02   0.95     -37      
   2.8e+03   1.1e+02   0.95     -37      
   2.8e+03   1.1e+02   0.95     -37      
   2.8e+03   1.1e+02   0.95     -37      
   2.8e+03   1.1e+02   0.95      0       
   2.8e+03   1.1e+02   0.95      0       
   2.8e+03   1.1e+02   0.95      0       
   2.8e+03   1.1e+02   0.95      0       
   2.8e+03   1.1e+02   0.91     -45      
   2.8e+03   1.1e+02   0.91     -45      
   2.8e+03   1.1e+02   0.91     -45      
   2.8e+03   1.1e+02   0.91     -45      
   2.8e+03   1.1e+02   0.95      0       
   2.8e+03   1.1e+02   0.95      0       
   2.8e+03   1.1e+02   0.95      0       
   2.8e+03   1.1e+02   0.95      0       

EFC_D
   0.083   
   0.083   
   0.083   
   0.083   
   6.4     
   6.4     
   6.4     
   6.4     
   0.083   
   0.083   
   0.083   
   0.083   
   6.1     
   6.1     
   6.1     
   6.1     
   0.083   
   0.083   
   0.083   
   0.083   
   3.3     
   3.3     
   3.3     
   3.3     
   0.083   
   0.083   
   0.083   
   0.083   

EFC_R
   12      
   12      
   12      
   12      
   0.16    
   0.16    
   0.16    
   0.16    
   12      
   12      
   12      
   12      
   0.17    
   0.17    
   0.17    
   0.17    
   12      
   12      
   12      
   12      
   0.31    
   0.31    
   0.31    
   0.31    
   12      
   12      
   12      
   12      

ACTUATOR_VELOCITY
  -0.12    
   0.12    
  -0.32    
  -0.067   
  -0.014   
  -0.16    
  -0.055   
   0.011   
  -0.074   
  -0.053   
  -0.012   
  -0.076   

CVEL
   0         0         0         0         0         0       
   0.043     0.023     0.0069   -0.0021    0.019    -0.018   
   0.043     0.023     0.0069   -0.0021    0.019    -0.018   
  -0.066     0.081     0.0039   -0.0049    0.014    -0.012   
  -0.0094    0.19      0.015    -0.011     0.015     0.018   
  -0.16     -0.092    -0.014    -0.036     0.03     -0.0068  
  -0.16     -0.092    -0.014    -0.036     0.03     -0.0068  
  -0.017     0.055     0.0053   -0.0035    0.016    -0.022   
  -0.023     0.042     0.0043   -0.0027    0.016    -0.025   
  -0.099    -0.099    -0.0072   -0.022     0.028    -0.048   
  -0.099    -0.099    -0.0072   -0.022     0.028    -0.048   
  -0.0063    0.049     0.0056   -0.0033    0.017    -0.016   
  -0.0013    0.058     0.0059   -0.0037    0.017    -0.018   
  -0.036    -0.0066    0.0038   -0.0089    0.019     0.011   
  -0.036    -0.0066    0.0038   -0.0089    0.019     0.011   
  -0.0039    0.048     0.0057   -0.0032    0.017    -0.021   
  -0.0095    0.037     0.008    -0.0027    0.017    -0.019   
  -0.045    -0.028     0.023    -0.0082    0.026     0.0085  
  -0.045    -0.028     0.023    -0.0082    0.026     0.0085  

CDOF_DOT
   0         0         0         0         0         0       
   0         0         0         0         0         0       
   0         0         0         0         0         0       
   0         0        -0        -0.0087   -0.017    -0.015   
  -0         0         0         0.017    -0.0091   -0.009   
   0        -0         0         0.018     0.0013    0.00026 
   0.0038    0.0051   -0.04     -0.0096   -0.014    -0.015   
   0.0037    0.0077   -0.096     0.032     0.011    -0.007   
   0.0037    0.0077   -0.096     0.0008    0.011    -0.031   
   0.0038    0.0051   -0.04     -0.0073   -0.018    -0.014   
  -0.00076   0.0037   -0.04      0.034    -0.0061   -0.0078  
  -0.00076   0.0037   -0.04      0.03     -0.0078   -0.013   
   0.0038    0.0051   -0.04     -0.0096   -0.014    -0.015   
  -0.0035    0.0028   -0.029     0.0041   -0.0087   -0.0096  
  -0.0035    0.0028   -0.029    -0.0066   -0.0083   -0.015   
   0.0038    0.0051   -0.04     -0.0073   -0.018    -0.014   
  -0.014     0.0019   -0.026     0.0053   -0.011    -0.0084  
  -0.014     0.0019   -0.026     0.00027  -0.012    -0.012   

QFRC_BIAS
   0.0033  
   0.0018  
   1.6e+02 
   0.021   
   3.6     
   0.038   
   1.5     
   1.1     
  -0.24    
  -1.2     
   0.23    
  -0.57    
   1.4     
   1.3     
  -0.23    
  -1.7     
   0.9     
  -0.38    

QFRC_SPRING
   0       
   0       
   0       
   0       
   0       
   0       
   0       
   0       
   0       
   0       
   0       
   0       
   0       
   0       
   0       
   0       
   0       
   0       

QFRC_DAMPER
   0       
   0       
   0       
   0       
   0       
   0       
   0.019   
  -0.018   
   0.048   
   0.01    
   0.0021  
   0.024   
   0.0083  
  -0.0016  
   0.011   
   0.0079  
   0.0018  
   0.011   

QFRC_GRAVCOMP
   0       
   0       
   0       
   0       
   0       
   0       
   0       
   0       
   0       
   0       
   0       
   0       
   0       
   0       
   0       
   0       
   0       
   0       

QFRC_FLUID
   0       
   0       
   0       
   0       
   0       
   0       
   0       
   0       
   0       
   0       
   0       
   0       
   0       
   0       
   0       
   0       
   0       
   0       

QFRC_PASSIVE
   0       
   0       
   0       
   0       
   0       
   0       
   0.019   
  -0.018   
   0.048   
   0.01    
   0.0021  
   0.024   
   0.0083  
  -0.0016  
   0.011   
   0.0079  
   0.0018  
   0.011   

EFC_VEL
  -0.068   
   0.072   
   0.019   
  -0.015   
  -0.0053  
   0.004   
  -0.0084  
   0.0071  
  -0.016   
   0.015   
  -0.025   
   0.024   
   0.0061  
  -0.0076  
   0.0072  
  -0.0087  
   0.019   
  -0.021   
   0.023   
  -0.025   
   0.0064  
  -0.0028  
  -0.00014 
   0.0037  
   0.015   
  -0.011   
  -0.0044  
   0.008   

EFC_AREF
   29      
   14      
   20      
   24      
   3       
   2       
   3.3     
   1.7     
   25      
   22      
   26      
   21      
   1.5     
   2.9     
   1.4     
   3.1     
   22      
   27      
   22      
   27      
  -0.11    
   0.85    
   0.58    
   0.17    
   21      
   24      
   23      
   22      

SUBTREE_LINVEL
   0         0         0       
   0         0         0       
   0         0         0       
   0         0         0       
   0         0         0       
   0         0         0       
   0         0         0       
   0         0         0       
   0         0         0       
   0         0         0       
   0         0         0       
   0         0         0       
   0         0         0       
   0         0         0       
   0         0         0       
   0         0         0       
   0         0         0       
   0         0         0       
   0         0         0       

SUBTREE_ANGMOM
   0         0         0       
   0         0         0       
   0         0         0       
   0         0         0       
   0         0         0       
   0         0         0       
   0         0         0       
   0         0         0       
   0         0         0       
   0         0         0       
   0         0         0       
   0         0         0       
   0         0         0       
   0         0         0       
   0         0         0       
   0         0         0       
   0         0         0       
   0         0         0       
   0         0         0       

ACTUATOR_FORCE
  -2       
  -0.53    
   0.018   
   3       
   0.31    
   9.6     
  -3.5     
  -1.6     
   6.8     
   1.7     
   0.31    
   0.85    

QFRC_ACTUATOR
   0       
   0       
   0       
   0       
   0       
   0       
  -2       
  -0.53    
   0.018   
   3       
   0.31    
   9.6     
  -3.5     
  -1.6     
   6.8     
   1.7     
   0.31    
   0.85    

QFRC_SMOOTH
  -0.0033  
  -0.0018  
  -1.6e+02 
  -0.021   
  -3.6     
  -0.038   
  -3.5     
  -1.7     
   0.3     
   4.2     
   0.078   
   10      
  -4.9     
  -2.9     
   7       
   3.4     
  -0.58    
   1.2     

QACC_SMOOTH
   0.35    
  -0.21    
  -7.1     
   0.74    
  -2.9     
  -2.4     
  -26      
  -5.3     
   7.5     
   21      
  -45      
   2.3e+02 
  -36      
  -50      
   1.7e+02 
   19      
   0.44    
   20      

EFC_B
  -68      
   2.8     
  -23      
  -42      
  -29      
  -67      
  -35      
  -61      
  -12      
  -1.3e+02 
  -27      
  -1.1e+02 
  -29      
  -32      
  -4.3     
  -56      
  -47      
  -57      
   27      
  -1.3e+02 
  -4.7     
  -22      
  -14      
  -13      
  -8.9     
  -62      
  -37      
  -34      

EFC_FORCE
   2.9     
   0.94    
   1.7     
   2.1     
   19      
   13      
   21      
   11      
   2.1     
   1.8     
   2.2     
   1.7     
   9       
   18      
   8.3     
   18      
   1.9     
   2.2     
   1.8     
   2.3     
   0       
   2.9     
   1.9     
   0.56    
   1.7     
   2       
   1.9     
   1.8     

EFC_STATE
  1
  1
  1
  1
  1
  1
  1
  1
  1
  1
  1
  1
  1
  1
  1
  1
  1
  1
  1
  1
  0
  1
  1
  1
  1
  1
  1
  1

QFRC_CONSTRAINT
  -0.83    
  -0.27    
   1.5e+02 
  -0.4     
   3.7     
  -0.057   
   3       
   1.3     
  -0.18    
  -4.2     
  -0.087   
  -10      
   4.9     
   2.9     
  -7.1     
  -3.4     
   0.58    
  -1.2     

QFRC_INVERSE
   0       
   0       
   0       
   0       
   0       
   0       
   0       
   0       
   0       
   0       
   0       
   0       
   0       
   0       
   0       
   0       
   0       
   0       

CACC
   0         0         0         0         0         0       
   0         0         0         0         0         0       
   0         0         0         0         0         0       
   0         0         0         0         0         0       
   0         0         0         0         0         0       
   0         0         0         0         0         0       
   0         0         0         0         0         0       
   0         0         0         0         0         0       
   0         0         0         0         0         0       
   0         0         0         0         0         0       
   0         0         0         0         0         0       
   0         0         0         0         0         0       
   0         0         0         0         0         0       
   0         0         0         0         0         0       
   0         0         0         0         0         0       
   0         0         0         0         0         0       
   0         0         0         0         0         0       
   0         0         0         0         0         0       
   0         0         0         0         0         0       

CFRC_INT
   0         0         0         0         0         0       
   0         0         0         0         0         0       
   0         0         0         0         0         0       
   0         0         0         0         0         0       
   0         0         0         0         0         0       
   0         0         0         0         0         0       
   0         0         0         0         0         0       
   0         0         0         0         0         0       
   0         0         0         0         0         0       
   0         0         0         0         0         0       
   0         0         0         0         0         0       
   0         0         0         0         0         0       
   0         0         0         0         0         0       
   0         0         0         0         0         0       
   0         0         0         0         0         0       
   0         0         0         0         0         0       
   0         0         0         0         0         0       
   0         0         0         0         0         0       
   0         0         0         0         0         0       

CFRC_EXT
   0         0         0         0         0         0       
   0         0         0         0         0         0       
   0         0         0         0         0         0       
   0         0         0         0         0         0       
   0         0         0         0         0         0       
   0         0         0         0         0         0       
   0         0         0         0         0         0       
   0         0         0         0         0         0       
   0         0         0         0         0         0       
   0         0         0         0         0         0       
   0         0         0         0         0         0       
   0         0         0         0         0         0       
   0         0         0         0         0         0       
   0         0         0         0         0         0       
   0         0         0         0         0         0       
   0         0         0         0         0         0       
   0         0         0         0         0         0       
   0         0         0         0         0         0       
   0         0         0         0         0         0       

